0,0,0,0,0,-36.806951648877309,54.276346659145027,1.5906088144390651e-06
0,0,0,0,0,-36.806951648877309,54.276346659145027,1.5906088144390651e-06
0,0,0,0,0,-36.806951648877309,54.276346659145027,1.5906088144390651e-06
0,0,0,0,0,-36.806951648877309,54.276346659145027,1.5906088144390651e-06
0,0,0,0,0,-36.806951648877309,54.276346659145027,1.5906088144390651e-06
0,0,0,0,0,-36.806951648877309,54.276346659145027,1.5906088144390651e-06
0,0,0,0,0,-36.806951648877309,54.276346659145027,1.5906088144390651e-06
0,0,0,0,0,-36.806951648877309,54.276346659145027,1.5906088144390651e-06
0,0,0,0,0,-36.806951648877309,54.276346659145027,1.5906088144390651e-06
0,0,0,0,0,-36.806951648877309,54.276346659145027,1.5906088144390651e-06
0,0,0,0,0,-36.806951648877309,54.276346659145027,1.5906088144390651e-06
0,0,0,0,0,-36.806951648877309,54.276346659145027,1.5906088144390651e-06
0,0,0,0,0,-36.806951648877309,54.276346659145027,1.5906088144390651e-06
0,0,0,0,0,-36.806951648877309,54.276346659145027,1.5906088144390651e-06
0,0,0,0,0,-36.806951648877309,54.276346659145027,1.5906088144390651e-06
0,0,0,0,0,-36.806951648877309,54.276346659145027,1.5906088144390651e-06
0,0,0,0,0,-36.806951648877309,54.276346659145027,1.5906088144390651e-06
0,0,0,0,0,-36.806951648877309,54.276346659145027,1.5906088144390651e-06
0,0,0,0,0,-36.806951648877309,54.276346659145027,1.5906088144390651e-06
0,0,0,0,0,-36.806951648877309,54.276346659145027,1.5906088144390651e-06
0,0,0,0,0,-36.806951648877309,54.276346659145027,1.5906088144390651e-06
0,0,0,0,0,-36.806951648877309,54.276346659145027,1.5906088144390651e-06
0,0,0,0,0,-36.806951648877309,54.276346659145027,1.5906088144390651e-06
0,0,0,0,0,-36.806951648877309,54.276346659145027,1.5906088144390651e-06
0,0,0,0,0,-36.806951648877309,54.276346659145027,1.5906088144390651e-06
0,0,0,0,0,-36.806951648877309,54.276346659145027,1.5906088144390651e-06
0,0,0,0,0,-36.806951648877309,54.276346659145027,1.5906088144390651e-06
0,0,0,0,0,-36.806951648877309,54.276346659145027,1.5906088144390651e-06
0,0,0,0,0,-36.806951648877309,54.276346659145027,1.5906088144390651e-06
0,0,0,0,0,-36.806951648877309,54.276346659145027,1.5906088144390651e-06
0,0,0,0,0,-36.806951648877309,54.276346659145027,1.5906088144390651e-06
0,0,0,72,719,-27.054764977536614,-4.281493032393187,-1.4733148843149024e-06
0,0,0,36,719,-28.213017001584394,-4.2479209023316615,-1.3415554480644687e-06
0,0,0,136,719,-24.953479782532131,-4.3424003277842322,7.1742466101198943e-07
0,0,0,129,719,-25.185987084763731,-4.3356585771689762,-5.9399098706336417e-07
0,0,0,93,719,-26.371299718601055,-4.3013029837328389,-5.8508140554636157e-07
0,0,0,99,719,-26.174952350693118,-4.3069939533345991,-6.1778091531294876e-07
0,0,0,82,719,-26.730030308523034,-4.2909072211954191,2.6346963899470666e-07
0,0,0,106,719,-25.945274029821462,-4.3136510514314974,-2.0479166478182265e-06
0,0,0,109,719,-25.846639753001316,-4.3165107941479777,-2.1695811724953273e-06
0,0,0,120,719,-25.483948337521756,-4.3270250583494718,-3.9991724243293447e-07
0,0,0,116,719,-25.616024571157904,-4.3231943986042261,8.6501364471303077e-07
0,0,0,119,719,-25.516987654249036,-4.3260664889205538,1.9093282741522444e-06
0,0,0,163,719,-24.050386985804838,-4.3685744225516316,-1.1077955281990626e-06
0,0,0,107,719,-25.912409453277085,-4.314604722892466,1.2448271142773137e-06
0,0,0,348,719,-17.581674160216565,-4.5560720019367862,3.9333873136371267e-07
0,0,0,226,719,-21.903601231629967,-4.4308002949027072,8.5659348947331182e-08
0,0,0,167,719,-23.915740606397211,-4.3724798592713512,3.5759399263923797e-07
0,0,0,122,719,-25.41782942464986,-4.3289398253157652,1.3786713459751354e-07
0,0,0,255,719,-20.89631390914148,-4.4599974887037224,-1.3597442487522926e-06
0,0,0,123,719,-25.384749636604418,-4.3298977846272955,6.3453995391427043e-07
0,0,0,186,719,-23.27312706038515,-4.3911061921003984,1.3709541946127501e-06
0,0,0,193,719,-23.035098423498145,-4.3980029816631809,-6.9851595618786178e-08
0,0,0,142,719,-24.753656773127588,-4.348191099909279,-6.9287038062526562e-07
0,0,0,144,719,-24.68693973150825,-4.3501239506112999,-1.0536040013775505e-06
0,0,0,209,719,-22.488432911079041,-4.4138499311558776,-1.0974513875439129e-06
0,0,0,172,719,-23.747120312825324,-4.3773660908664347,1.7999406214386227e-06
0,0,0,212,719,-22.385528015823656,-4.4168301605281002,-4.2598063121346286e-07
0,0,0,217,719,-22.213733677162786,-4.4218122555968282,1.8835131632144453e-06
0,0,0,229,719,-21.799964848363878,-4.4338042529659383,-2.3629043424122642e-06
0,0,0,203,719,-22.693857878644096,-4.4078944183714377,-9.0401781438487205e-07
0,0,0,195,719,-22.966963657246971,-4.3999797375679339,5.444692199318979e-07
0,0,0,204,719,-22.659656378106007,-4.4088860313033544,9.6698084650626015e-07
0,0,0,213,719,-22.351197688691066,-4.4178264101114948,-1.9023811530516355e-06
0,0,0,197,719,-22.898772340269563,-4.4019553436639978,-6.9892503340440726e-08
0,0,0,196,719,-22.93287540932814,-4.4009677808075622,-7.9530360608259798e-07
0,0,0,199,719,-22.830524649698948,-4.4039335379314526,-3.4065338638811227e-07
0,0,0,164,719,-24.016746245562661,-4.3695500895604322,-1.0991383225800178e-06
0,0,0,196,719,-22.93287540932814,-4.4009677808075622,-7.9530360608259798e-07
0,0,0,178,719,-23.544315937288893,-4.3832455570561351,4.893996319310645e-09
0,0,0,170,719,-23.814610359774001,-4.3754098889052999,2.2149712641805763e-06
0,0,0,196,719,-22.93287540932814,-4.4009677808075622,-7.9530360608259798e-07
0,0,0,231,719,-21.730802111664818,-4.4358099365070753,2.0430009257665915e-06
0,0,0,163,719,-24.050386985804838,-4.3685744225516316,-1.1077955281990626e-06
0,0,0,233,719,-21.66158086863755,-4.437814566055069,-7.0634840643180041e-07
0,0,0,233,719,-21.66158086863755,-4.437814566055069,-7.0634840643180041e-07
0,0,0,172,719,-23.747120312825324,-4.3773660908664347,1.7999406214386227e-06
0,0,0,204,719,-22.659656378106007,-4.4088860313033544,9.6698084650626015e-07
0,0,0,189,719,-23.171199340653668,-4.3940588410183405,-2.7912604965152354e-06
0,0,0,181,719,-23.442724913282593,-4.3861888565027227,-2.0436373215915182e-07
0,0,0,224,719,-21.972619992294963,-4.4288008989594481,-1.5066080001346904e-06
0,0,0,197,719,-22.898772340269563,-4.4019553436639978,-6.9892503340440726e-08
0,0,0,223,719,-22.007108090967904,-4.4278011286146164,-6.3996341381766797e-07
0,0,0,242,719,-21.349369045662684,-4.4468649957273323,-1.9242210314018848e-06
0,0,0,225,719,-21.938117769815928,-4.4298000337974273,-4.812813898524837e-07
0,0,0,250,719,-21.070857843558493,-4.4549384483688543,-3.5116853247529889e-07
0,0,0,238,719,-21.488274729401084,-4.4428398701181315,1.0256212652492991e-06
0,0,0,176,719,-23.611973013016257,-4.3812820559518117,-9.1239702015855073e-08
0,0,0,226,719,-21.903601231629967,-4.4308002949027072,8.5659348947331182e-08
0,0,0,147,719,-24.586761379264388,-4.3530282462627001,6.3346268053265931e-07
0,0,0,208,719,-22.522706167284756,-4.4128564248675328,8.957627102290644e-07
0,0,0,178,719,-23.544315937288893,-4.3832455570561351,4.893996319310645e-09
0,0,0,136,719,-24.953479782532131,-4.3424003277842322,7.1742466101198943e-07
0,0,0,180,719,-23.4766023108353,-4.3852079083517683,-1.1276548441685463e-06
0,0,0,136,719,-24.953479782532131,-4.3424003277842322,7.1742466101198943e-07
0,0,0,129,719,-25.185987084763731,-4.3356585771689762,-5.9399098706336417e-07
0,0,0,120,719,-25.483948337521756,-4.3270250583494718,-3.9991724243293447e-07
0,0,0,107,719,-25.912409453277085,-4.314604722892466,1.2448271142773137e-06
0,0,0,336,719,-18.016767473714278,-4.543461270793105,-1.9177176548978991e-06
0,0,0,386,719,-16.189008848443411,-4.5964395583333557,6.1245639670914898e-08
0,0,0,136,719,-24.953479782532131,-4.3424003277842322,7.1742466101198943e-07
0,0,0,138,719,-24.8869264397892,-4.3443283391736962,-1.7253730923982857e-06
0,0,0,284,719,-19.876688051567516,-4.4895531337096495,9.7616330307914723e-07
0,0,0,222,719,-22.041581873933914,-4.4268024845370881,-2.3170470342392946e-07
0,0,0,313,719,-18.8444944599999,-4.5194705127087671,-2.5692799887622186e-07
0,0,0,137,719,-24.920210104864214,-4.3433648360101067,1.7731453123559504e-06
0,0,0,137,719,-24.920210104864214,-4.3433648360101067,1.7731453123559504e-06
0,0,0,138,719,-24.8869264397892,-4.3443283391736962,-1.7253730923982857e-06
0,0,0,170,719,-23.814610359774001,-4.3754098889052999,2.2149712641805763e-06
0,0,0,143,719,-24.720305071688063,-4.3491580665723495,1.4471855189768235e-06
0,0,0,130,719,-25.152812160006228,-4.3366215727118336,-2.1681513251436968e-06
0,0,0,154,719,-24.352531966658717,-4.3598184616249736,1.36804098271881e-06
0,0,0,150,719,-24.486459779095263,-4.3559359375762856,-2.4125716535650099e-06
0,0,0,137,719,-24.920210104864214,-4.3433648360101067,1.7731453123559504e-06
0,0,0,150,719,-24.486459779095263,-4.3559359375762856,-2.4125716535650099e-06
0,0,0,226,719,-21.903601231629967,-4.4308002949027072,8.5659348947331182e-08
0,0,0,126,719,-25.285429259562132,-4.3327773343000633,-1.8382459421317776e-06
0,0,0,140,719,-24.82031883582102,-4.3462605271313262,-3.3496137508137735e-07
0,0,0,133,719,-25.053207140431066,-4.3395091839819671,-1.4520084024027824e-06
0,0,0,139,719,-24.85362971727557,-4.3452930279126969,4.1750742596491364e-07
0,0,0,182,719,-23.408833200022972,-4.3871709309209779,2.6054150303878032e-07
0,0,0,135,719,-24.986736033727592,-4.3414350289278412,1.3804624821034395e-06
0,0,0,139,719,-24.85362971727557,-4.3452930279126969,4.1750742596491364e-07
0,0,0,150,719,-24.486459779095263,-4.3559359375762856,-2.4125716535650099e-06
0,0,0,151,719,-24.452998468470742,-4.3569073825256606,-3.647713500143368e-07
0,0,0,155,719,-24.319015308074452,-4.3607902082924905,-5.0962378050911639e-07
0,0,0,163,719,-24.050386985804838,-4.3685744225516316,-1.1077955281990626e-06
0,0,0,159,719,-24.18481172654171,-4.3646805391050973,1.8577951284015626e-06
0,0,0,280,719,-20.018067713132659,-4.4854530002885635,1.6274482206313223e-07
0,0,0,186,719,-23.27312706038515,-4.3911061921003984,1.3709541946127501e-06
0,0,0,184,719,-23.341008221050252,-4.3891381483120728,-5.3123110976827093e-07
0,0,0,201,719,-22.762219888201464,-4.405914475493959,-9.4600697941871204e-08
0,0,0,282,719,-19.947407996997747,-4.4875023732072217,1.9259420449557751e-06
0,0,0,111,719,-25.780817029401625,-4.3184190475120072,3.3975799063057366e-07
0,0,0,111,719,-25.780817029401625,-4.3184190475120072,3.3975799063057366e-07
0,0,0,108,719,-25.879531237992421,-4.3155573117293189,-1.0327454713632278e-07
0,0,0,97,719,-26.240454478342713,-4.3050976429009831,9.6377064195962703e-07
0,0,0,100,719,-26.14218078372501,-4.3079464999217034,4.7811367842598429e-07
0,0,0,93,719,-26.371299718601055,-4.3013029837328389,-5.8508140554636157e-07
0,0,0,98,719,-26.207709779087313,-4.3060462709948766,-5.9977800592747599e-07
0,0,0,261,719,-20.68637659259425,-4.4660816169258428,-9.8327660325026045e-07
0,0,0,276,719,-20.15920965661898,-4.4813638804493596,-2.5429435268620182e-07
0,0,0,107,719,-25.912409453277085,-4.314604722892466,1.2448271142773137e-06
0,0,0,108,719,-25.879531237992421,-4.3155573117293189,-1.0327454713632278e-07
0,0,0,106,719,-25.945274029821462,-4.3136510514314974,-2.0479166478182265e-06
0,0,0,99,719,-26.174952350693118,-4.3069939533345991,-6.1778091531294876e-07
0,0,0,96,719,-26.273185730758662,-4.3041461704088171,2.3683094418913697e-07
0,0,0,104,719,-26.010962909092086,-4.3117488901400129,-2.4595564163121253e-07
0,0,0,105,719,-25.978125200260408,-4.3126986431077734,3.8734487617375635e-07
0,0,0,93,719,-26.371299718601055,-4.3013029837328389,-5.8508140554636157e-07
0,0,0,105,719,-25.978125200260408,-4.3126986431077734,3.8734487617375635e-07
0,0,0,94,719,-26.338608275304434,-4.3022517754795775,2.2964731991592657e-06
0,0,0,95,719,-26.305903541934356,-4.3031994070403679,4.5057601916198564e-07
0,0,0,264,719,-20.581209403610885,-4.4691292343421827,-9.0490411785992819e-07
0,0,0,26,719,-28.531789496469262,-4.2386805393295131,8.0956782788632609e-07
0,0,0,160,719,-24.151226313892273,-4.3656538506279983,1.7826705818180244e-06
0,0,0,0,0,-36.806951648877309,54.276346659145027,1.5906088144390651e-06
0,0,0,0,0,-36.806951648877309,54.276346659145027,1.5906088144390651e-06
0,0,0,0,0,-36.806951648877309,54.276346659145027,1.5906088144390651e-06
0,0,0,0,0,-36.806951648877309,54.276346659145027,1.5906088144390651e-06
0,0,0,0,0,-36.806951648877309,54.276346659145027,1.5906088144390651e-06
0,0,0,0,0,-36.806951648877309,54.276346659145027,1.5906088144390651e-06
0,0,0,0,0,-36.806951648877309,54.276346659145027,1.5906088144390651e-06
0,0,0,0,0,-36.806951648877309,54.276346659145027,1.5906088144390651e-06
0,0,0,0,0,-36.806951648877309,54.276346659145027,1.5906088144390651e-06
0,0,0,0,0,-36.806951648877309,54.276346659145027,1.5906088144390651e-06
0,0,0,0,0,-36.806951648877309,54.276346659145027,1.5906088144390651e-06
0,0,0,0,0,-36.806951648877309,54.276346659145027,1.5906088144390651e-06
0,0,0,0,0,-36.806951648877309,54.276346659145027,1.5906088144390651e-06
0,0,0,0,0,-36.806951648877309,54.276346659145027,1.5906088144390651e-06
0,0,0,0,0,-36.806951648877309,54.276346659145027,1.5906088144390651e-06
0,0,0,0,0,-36.806951648877309,54.276346659145027,1.5906088144390651e-06
0,0,0,0,0,-36.806951648877309,54.276346659145027,1.5906088144390651e-06
0,0,0,0,0,-36.806951648877309,54.276346659145027,1.5906088144390651e-06
0,0,0,0,0,-36.806951648877309,54.276346659145027,1.5906088144390651e-06
0,0,0,0,0,-36.806951648877309,54.276346659145027,1.5906088144390651e-06
0,0,0,0,0,-36.806951648877309,54.276346659145027,1.5906088144390651e-06
0,0,0,0,0,-36.806951648877309,54.276346659145027,1.5906088144390651e-06
0,0,0,0,0,-36.806951648877309,54.276346659145027,1.5906088144390651e-06
0,0,0,0,0,-36.806951648877309,54.276346659145027,1.5906088144390651e-06
0,0,0,0,0,-36.806951648877309,54.276346659145027,1.5906088144390651e-06
0,0,0,0,0,-36.806951648877309,54.276346659145027,1.5906088144390651e-06
0,0,0,0,0,-36.806951648877309,54.276346659145027,1.5906088144390651e-06
0,0,0,0,0,-36.806951648877309,54.276346659145027,1.5906088144390651e-06
0,0,0,0,0,-36.806951648877309,54.276346659145027,1.5906088144390651e-06
0,0,0,0,0,-36.806951648877309,54.276346659145027,1.5906088144390651e-06
0,0,0,0,0,-36.806951648877309,54.276346659145027,1.5906088144390651e-06
0,0,0,0,0,-36.806951648877309,54.276346659145027,1.5906088144390651e-06
0,0,0,0,0,-36.806951648877309,54.276346659145027,1.5906088144390651e-06
0,0,0,0,0,-36.806951648877309,54.276346659145027,1.5906088144390651e-06
0,0,0,0,0,-36.806951648877309,54.276346659145027,1.5906088144390651e-06
0,0,0,0,0,-36.806951648877309,54.276346659145027,1.5906088144390651e-06
0,0,0,0,0,-36.806951648877309,54.276346659145027,1.5906088144390651e-06
0,0,0,0,0,-36.806951648877309,54.276346659145027,1.5906088144390651e-06
0,0,0,0,0,-36.806951648877309,54.276346659145027,1.5906088144390651e-06
0,0,0,0,0,-36.806951648877309,54.276346659145027,1.5906088144390651e-06
0,0,0,0,0,-36.806951648877309,54.276346659145027,1.5906088144390651e-06
0,0,0,0,0,-36.806951648877309,54.276346659145027,1.5906088144390651e-06
0,0,0,0,0,-36.806951648877309,54.276346659145027,1.5906088144390651e-06
0,0,0,0,0,-36.806951648877309,54.276346659145027,1.5906088144390651e-06
0,0,0,0,0,-36.806951648877309,54.276346659145027,1.5906088144390651e-06
0,0,0,0,0,-36.806951648877309,54.276346659145027,1.5906088144390651e-06
0,0,0,0,0,-36.806951648877309,54.276346659145027,1.5906088144390651e-06
0,0,0,0,0,-36.806951648877309,54.276346659145027,1.5906088144390651e-06
0,0,0,0,0,-36.806951648877309,54.276346659145027,1.5906088144390651e-06
0,0,0,0,0,-36.806951648877309,54.276346659145027,1.5906088144390651e-06
0,0,0,0,0,-36.806951648877309,54.276346659145027,1.5906088144390651e-06
0,0,0,0,0,-36.806951648877309,54.276346659145027,1.5906088144390651e-06
0,0,0,0,0,-36.806951648877309,54.276346659145027,1.5906088144390651e-06
0,0,0,0,0,-36.806951648877309,54.276346659145027,1.5906088144390651e-06
0,0,0,0,0,-36.806951648877309,54.276346659145027,1.5906088144390651e-06
0,0,0,0,0,-36.806951648877309,54.276346659145027,1.5906088144390651e-06
0,0,0,0,0,-36.806951648877309,54.276346659145027,1.5906088144390651e-06
0,0,0,0,0,-36.806951648877309,54.276346659145027,1.5906088144390651e-06
0,0,0,0,0,-36.806951648877309,54.276346659145027,1.5906088144390651e-06
0,0,0,0,0,-36.806951648877309,54.276346659145027,1.5906088144390651e-06
0,0,0,0,0,-36.806951648877309,54.276346659145027,1.5906088144390651e-06
0,0,0,0,0,-36.806951648877309,54.276346659145027,1.5906088144390651e-06
0,0,0,0,0,-36.806951648877309,54.276346659145027,1.5906088144390651e-06
0,0,0,0,0,-36.806951648877309,54.276346659145027,1.5906088144390651e-06
0,0,0,0,0,-36.806951648877309,54.276346659145027,1.5906088144390651e-06
0,0,0,0,0,-36.806951648877309,54.276346659145027,1.5906088144390651e-06
0,0,0,0,0,-36.806951648877309,54.276346659145027,1.5906088144390651e-06
0,0,0,0,0,-36.806951648877309,54.276346659145027,1.5906088144390651e-06
0,0,0,0,0,-36.806951648877309,54.276346659145027,1.5906088144390651e-06
0,0,0,0,0,-36.806951648877309,54.276346659145027,1.5906088144390651e-06
0,0,0,0,0,-36.806951648877309,54.276346659145027,1.5906088144390651e-06
0,0,0,0,0,-36.806951648877309,54.276346659145027,1.5906088144390651e-06
0,0,0,0,0,-36.806951648877309,54.276346659145027,1.5906088144390651e-06
0,0,0,0,0,-36.806951648877309,54.276346659145027,1.5906088144390651e-06
0,0,0,0,0,-36.806951648877309,54.276346659145027,1.5906088144390651e-06
0,0,0,0,0,-36.806951648877309,54.276346659145027,1.5906088144390651e-06
0,0,0,0,0,-36.806951648877309,54.276346659145027,1.5906088144390651e-06
0,0,0,0,0,-36.806951648877309,54.276346659145027,1.5906088144390651e-06
0,0,0,0,0,-36.806951648877309,54.276346659145027,1.5906088144390651e-06
0,0,0,0,0,-36.806951648877309,54.276346659145027,1.5906088144390651e-06
0,0,0,0,0,-36.806951648877309,54.276346659145027,1.5906088144390651e-06
0,0,0,0,0,-36.806951648877309,54.276346659145027,1.5906088144390651e-06
0,0,0,0,0,-36.806951648877309,54.276346659145027,1.5906088144390651e-06
0,0,0,0,0,-36.806951648877309,54.276346659145027,1.5906088144390651e-06
0,0,0,0,0,-36.806951648877309,54.276346659145027,1.5906088144390651e-06
0,0,0,0,0,-36.806951648877309,54.276346659145027,1.5906088144390651e-06
0,0,0,0,0,-36.806951648877309,54.276346659145027,1.5906088144390651e-06
0,0,0,0,0,-36.806951648877309,54.276346659145027,1.5906088144390651e-06
0,0,0,0,0,-36.806951648877309,54.276346659145027,1.5906088144390651e-06
0,0,0,0,0,-36.806951648877309,54.276346659145027,1.5906088144390651e-06
0,0,0,0,0,-36.806951648877309,54.276346659145027,1.5906088144390651e-06
0,0,0,0,0,-36.806951648877309,54.276346659145027,1.5906088144390651e-06
0,0,0,0,0,-36.806951648877309,54.276346659145027,1.5906088144390651e-06
0,0,0,0,0,-36.806951648877309,54.276346659145027,1.5906088144390651e-06
0,0,0,0,0,-36.806951648877309,54.276346659145027,1.5906088144390651e-06
0,0,0,0,0,-36.806951648877309,54.276346659145027,1.5906088144390651e-06
0,0,0,0,0,-36.806951648877309,54.276346659145027,1.5906088144390651e-06
0,0,0,0,0,-36.806951648877309,54.276346659145027,1.5906088144390651e-06
0,0,0,0,0,-36.806951648877309,54.276346659145027,1.5906088144390651e-06
0,0,0,0,0,-36.806951648877309,54.276346659145027,1.5906088144390651e-06
0,0,0,0,0,-36.806951648877309,54.276346659145027,1.5906088144390651e-06
0,0,0,0,0,-36.806951648877309,54.276346659145027,1.5906088144390651e-06
0,0,0,0,0,-36.806951648877309,54.276346659145027,1.5906088144390651e-06
0,0,0,0,0,-36.806951648877309,54.276346659145027,1.5906088144390651e-06
0,0,0,0,0,-36.806951648877309,54.276346659145027,1.5906088144390651e-06
0,0,0,0,0,-36.806951648877309,54.276346659145027,1.5906088144390651e-06
0,0,0,0,0,-36.806951648877309,54.276346659145027,1.5906088144390651e-06
0,0,0,0,0,-36.806951648877309,54.276346659145027,1.5906088144390651e-06
0,0,0,0,0,-36.806951648877309,54.276346659145027,1.5906088144390651e-06
0,0,0,0,0,-36.806951648877309,54.276346659145027,1.5906088144390651e-06
0,0,0,0,0,-36.806951648877309,54.276346659145027,1.5906088144390651e-06
0,0,0,0,0,-36.806951648877309,54.276346659145027,1.5906088144390651e-06
0,0,0,0,0,-36.806951648877309,54.276346659145027,1.5906088144390651e-06
0,0,0,0,0,-36.806951648877309,54.276346659145027,1.5906088144390651e-06
0,0,0,0,0,-36.806951648877309,54.276346659145027,1.5906088144390651e-06
0,0,0,0,0,-36.806951648877309,54.276346659145027,1.5906088144390651e-06
0,0,0,0,0,-36.806951648877309,54.276346659145027,1.5906088144390651e-06
0,0,0,0,0,-36.806951648877309,54.276346659145027,1.5906088144390651e-06
0,0,0,0,0,-36.806951648877309,54.276346659145027,1.5906088144390651e-06
0,0,0,0,0,-36.806951648877309,54.276346659145027,1.5906088144390651e-06
0,0,0,0,0,-36.806951648877309,54.276346659145027,1.5906088144390651e-06
0,0,0,0,0,-36.806951648877309,54.276346659145027,1.5906088144390651e-06
0,0,0,0,0,-36.806951648877309,54.276346659145027,1.5906088144390651e-06
0,0,0,0,0,-36.806951648877309,54.276346659145027,1.5906088144390651e-06
0,0,0,0,0,-36.806951648877309,54.276346659145027,1.5906088144390651e-06
0,0,0,0,0,-36.806951648877309,54.276346659145027,1.5906088144390651e-06
0,0,0,0,0,-36.806951648877309,54.276346659145027,1.5906088144390651e-06
0,0,0,0,0,-36.806951648877309,54.276346659145027,1.5906088144390651e-06
0,0,0,0,0,-36.806951648877309,54.276346659145027,1.5906088144390651e-06
0,0,0,0,0,-36.806951648877309,54.276346659145027,1.5906088144390651e-06
0,0,0,0,0,-36.806951648877309,54.276346659145027,1.5906088144390651e-06
0,0,0,0,0,-36.806951648877309,54.276346659145027,1.5906088144390651e-06
0,0,0,0,0,-36.806951648877309,54.276346659145027,1.5906088144390651e-06
0,0,0,0,0,-36.806951648877309,54.276346659145027,1.5906088144390651e-06
0,0,0,0,0,-36.806951648877309,54.276346659145027,1.5906088144390651e-06
0,0,0,0,0,-36.806951648877309,54.276346659145027,1.5906088144390651e-06
0,0,0,0,0,-36.806951648877309,54.276346659145027,1.5906088144390651e-06
0,0,0,0,0,-36.806951648877309,54.276346659145027,1.5906088144390651e-06
0,0,0,0,0,-36.806951648877309,54.276346659145027,1.5906088144390651e-06
0,0,0,0,0,-36.806951648877309,54.276346659145027,1.5906088144390651e-06
0,0,0,0,0,-36.806951648877309,54.276346659145027,1.5906088144390651e-06
0,0,0,0,0,-36.806951648877309,54.276346659145027,1.5906088144390651e-06
0,0,0,0,0,-36.806951648877309,54.276346659145027,1.5906088144390651e-06
0,0,0,0,0,-36.806951648877309,54.276346659145027,1.5906088144390651e-06
0,0,0,0,0,-36.806951648877309,54.276346659145027,1.5906088144390651e-06
0,0,0,0,0,-36.806951648877309,54.276346659145027,1.5906088144390651e-06
0,0,0,0,0,-36.806951648877309,54.276346659145027,1.5906088144390651e-06
0,0,0,0,0,-36.806951648877309,54.276346659145027,1.5906088144390651e-06
0,0,0,0,0,-36.806951648877309,54.276346659145027,1.5906088144390651e-06
0,0,0,0,0,-36.806951648877309,54.276346659145027,1.5906088144390651e-06
0,0,0,0,0,-36.806951648877309,54.276346659145027,1.5906088144390651e-06
0,0,0,0,0,-36.806951648877309,54.276346659145027,1.5906088144390651e-06
0,0,0,0,0,-36.806951648877309,54.276346659145027,1.5906088144390651e-06
0,0,0,0,0,-36.806951648877309,54.276346659145027,1.5906088144390651e-06
0,0,0,0,0,-36.806951648877309,54.276346659145027,1.5906088144390651e-06
0,0,0,0,0,-36.806951648877309,54.276346659145027,1.5906088144390651e-06
0,0,0,0,0,-36.806951648877309,54.276346659145027,1.5906088144390651e-06
0,0,0,0,0,-36.806951648877309,54.276346659145027,1.5906088144390651e-06
0,0,0,0,0,-36.806951648877309,54.276346659145027,1.5906088144390651e-06
0,0,0,0,0,-36.806951648877309,54.276346659145027,1.5906088144390651e-06
0,0,0,0,0,-36.806951648877309,54.276346659145027,1.5906088144390651e-06
0,0,0,0,0,-36.806951648877309,54.276346659145027,1.5906088144390651e-06
0,0,0,0,0,-36.806951648877309,54.276346659145027,1.5906088144390651e-06
0,0,0,0,0,-36.806951648877309,54.276346659145027,1.5906088144390651e-06
0,0,0,0,0,-36.806951648877309,54.276346659145027,1.5906088144390651e-06
0,0,0,0,0,-36.806951648877309,54.276346659145027,1.5906088144390651e-06
0,0,0,0,0,-36.806951648877309,54.276346659145027,1.5906088144390651e-06
0,0,0,0,0,-36.806951648877309,54.276346659145027,1.5906088144390651e-06
0,0,0,0,0,-36.806951648877309,54.276346659145027,1.5906088144390651e-06
0,0,0,0,0,-36.806951648877309,54.276346659145027,1.5906088144390651e-06
0,0,0,0,0,-36.806951648877309,54.276346659145027,1.5906088144390651e-06
0,0,0,0,0,-36.806951648877309,54.276346659145027,1.5906088144390651e-06
0,0,0,0,0,-36.806951648877309,54.276346659145027,1.5906088144390651e-06
0,0,0,0,0,-36.806951648877309,54.276346659145027,1.5906088144390651e-06
0,0,0,0,0,-36.806951648877309,54.276346659145027,1.5906088144390651e-06
0,0,0,0,0,-36.806951648877309,54.276346659145027,1.5906088144390651e-06
0,0,0,0,0,-36.806951648877309,54.276346659145027,1.5906088144390651e-06
0,0,0,0,0,-36.806951648877309,54.276346659145027,1.5906088144390651e-06
0,0,0,0,0,-36.806951648877309,54.276346659145027,1.5906088144390651e-06
0,0,0,0,0,-36.806951648877309,54.276346659145027,1.5906088144390651e-06
0,0,0,0,0,-36.806951648877309,54.276346659145027,1.5906088144390651e-06
0,0,0,0,0,-36.806951648877309,54.276346659145027,1.5906088144390651e-06
0,0,0,0,0,-36.806951648877309,54.276346659145027,1.5906088144390651e-06
0,0,0,0,0,-36.806951648877309,54.276346659145027,1.5906088144390651e-06
0,0,0,0,0,-36.806951648877309,54.276346659145027,1.5906088144390651e-06
0,0,0,0,0,-36.806951648877309,54.276346659145027,1.5906088144390651e-06
0,0,0,0,0,-36.806951648877309,54.276346659145027,1.5906088144390651e-06
0,0,0,0,0,-36.806951648877309,54.276346659145027,1.5906088144390651e-06
0,0,0,0,0,-36.806951648877309,54.276346659145027,1.5906088144390651e-06
0,0,0,0,0,-36.806951648877309,54.276346659145027,1.5906088144390651e-06
0,0,0,0,0,-36.806951648877309,54.276346659145027,1.5906088144390651e-06
0,0,0,0,0,-36.806951648877309,54.276346659145027,1.5906088144390651e-06
0,0,0,0,0,-36.806951648877309,54.276346659145027,1.5906088144390651e-06
0,0,0,0,0,-36.806951648877309,54.276346659145027,1.5906088144390651e-06
0,0,0,0,0,-36.806951648877309,54.276346659145027,1.5906088144390651e-06
0,0,0,0,0,-36.806951648877309,54.276346659145027,1.5906088144390651e-06
0,0,0,0,0,-36.806951648877309,54.276346659145027,1.5906088144390651e-06
0,0,0,0,0,-36.806951648877309,54.276346659145027,1.5906088144390651e-06
0,0,0,0,0,-36.806951648877309,54.276346659145027,1.5906088144390651e-06
0,0,0,0,0,-36.806951648877309,54.276346659145027,1.5906088144390651e-06
0,0,0,0,0,-36.806951648877309,54.276346659145027,1.5906088144390651e-06
0,0,0,0,0,-36.806951648877309,54.276346659145027,1.5906088144390651e-06
0,0,0,0,0,-36.806951648877309,54.276346659145027,1.5906088144390651e-06
0,0,0,0,0,-36.806951648877309,54.276346659145027,1.5906088144390651e-06
0,0,0,0,0,-36.806951648877309,54.276346659145027,1.5906088144390651e-06
0,0,0,0,0,-36.806951648877309,54.276346659145027,1.5906088144390651e-06
0,0,0,0,0,-36.806951648877309,54.276346659145027,1.5906088144390651e-06
0,0,0,0,0,-36.806951648877309,54.276346659145027,1.5906088144390651e-06
0,0,0,0,0,-36.806951648877309,54.276346659145027,1.5906088144390651e-06
0,0,0,0,0,-36.806951648877309,54.276346659145027,1.5906088144390651e-06
0,0,0,0,0,-36.806951648877309,54.276346659145027,1.5906088144390651e-06
0,0,0,0,0,-36.806951648877309,54.276346659145027,1.5906088144390651e-06
0,0,0,0,0,-36.806951648877309,54.276346659145027,1.5906088144390651e-06
0,0,0,0,0,-36.806951648877309,54.276346659145027,1.5906088144390651e-06
0,0,0,0,0,-36.806951648877309,54.276346659145027,1.5906088144390651e-06
0,0,0,0,0,-36.806951648877309,54.276346659145027,1.5906088144390651e-06
0,0,0,0,0,-36.806951648877309,54.276346659145027,1.5906088144390651e-06
0,0,0,0,0,-36.806951648877309,54.276346659145027,1.5906088144390651e-06
0,0,0,0,0,-36.806951648877309,54.276346659145027,1.5906088144390651e-06
0,0,0,0,0,-36.806951648877309,54.276346659145027,1.5906088144390651e-06
0,0,0,0,0,-36.806951648877309,54.276346659145027,1.5906088144390651e-06
0,0,0,0,0,-36.806951648877309,54.276346659145027,1.5906088144390651e-06
0,0,0,0,0,-36.806951648877309,54.276346659145027,1.5906088144390651e-06
0,0,0,0,0,-36.806951648877309,54.276346659145027,1.5906088144390651e-06
0,0,0,0,0,-36.806951648877309,54.276346659145027,1.5906088144390651e-06
0,0,0,0,0,-36.806951648877309,54.276346659145027,1.5906088144390651e-06
0,0,0,0,0,-36.806951648877309,54.276346659145027,1.5906088144390651e-06
0,0,0,0,0,-36.806951648877309,54.276346659145027,1.5906088144390651e-06
0,0,0,0,0,-36.806951648877309,54.276346659145027,1.5906088144390651e-06
0,0,0,0,0,-36.806951648877309,54.276346659145027,1.5906088144390651e-06
0,0,0,0,0,-36.806951648877309,54.276346659145027,1.5906088144390651e-06
0,0,0,0,0,-36.806951648877309,54.276346659145027,1.5906088144390651e-06
0,0,0,0,0,-36.806951648877309,54.276346659145027,1.5906088144390651e-06
0,0,0,0,0,-36.806951648877309,54.276346659145027,1.5906088144390651e-06
0,0,0,0,0,-36.806951648877309,54.276346659145027,1.5906088144390651e-06
0,0,0,0,0,-36.806951648877309,54.276346659145027,1.5906088144390651e-06
0,0,0,0,0,-36.806951648877309,54.276346659145027,1.5906088144390651e-06
0,0,0,0,0,-36.806951648877309,54.276346659145027,1.5906088144390651e-06
0,0,0,0,0,-36.806951648877309,54.276346659145027,1.5906088144390651e-06
0,0,0,0,0,-36.806951648877309,54.276346659145027,1.5906088144390651e-06
0,0,0,0,0,-36.806951648877309,54.276346659145027,1.5906088144390651e-06
0,0,0,0,0,-36.806951648877309,54.276346659145027,1.5906088144390651e-06
0,0,0,0,0,-36.806951648877309,54.276346659145027,1.5906088144390651e-06
0,0,0,0,0,-36.806951648877309,54.276346659145027,1.5906088144390651e-06
0,0,0,0,0,-36.806951648877309,54.276346659145027,1.5906088144390651e-06
0,0,0,0,0,-36.806951648877309,54.276346659145027,1.5906088144390651e-06
0,0,0,0,0,-36.806951648877309,54.276346659145027,1.5906088144390651e-06
0,0,0,0,0,-36.806951648877309,54.276346659145027,1.5906088144390651e-06
0,0,0,0,0,-36.806951648877309,54.276346659145027,1.5906088144390651e-06
0,0,0,0,0,-36.806951648877309,54.276346659145027,1.5906088144390651e-06
0,0,0,0,0,-36.806951648877309,54.276346659145027,1.5906088144390651e-06
0,0,0,0,0,-36.806951648877309,54.276346659145027,1.5906088144390651e-06
0,0,0,0,0,-36.806951648877309,54.276346659145027,1.5906088144390651e-06
0,0,0,0,0,-36.806951648877309,54.276346659145027,1.5906088144390651e-06
0,0,0,0,0,-36.806951648877309,54.276346659145027,1.5906088144390651e-06
0,0,0,0,0,-36.806951648877309,54.276346659145027,1.5906088144390651e-06
0,0,0,0,0,-36.806951648877309,54.276346659145027,1.5906088144390651e-06
0,0,0,0,0,-36.806951648877309,54.276346659145027,1.5906088144390651e-06
0,0,0,0,0,-36.806951648877309,54.276346659145027,1.5906088144390651e-06
0,0,0,0,0,-36.806951648877309,54.276346659145027,1.5906088144390651e-06
0,0,0,0,0,-36.806951648877309,54.276346659145027,1.5906088144390651e-06
0,0,0,0,0,-36.806951648877309,54.276346659145027,1.5906088144390651e-06
0,0,0,0,0,-36.806951648877309,54.276346659145027,1.5906088144390651e-06
0,0,0,0,0,-36.806951648877309,54.276346659145027,1.5906088144390651e-06
0,0,0,0,0,-36.806951648877309,54.276346659145027,1.5906088144390651e-06
0,0,0,0,0,-36.806951648877309,54.276346659145027,1.5906088144390651e-06
0,0,0,0,0,-36.806951648877309,54.276346659145027,1.5906088144390651e-06
0,0,0,0,0,-36.806951648877309,54.276346659145027,1.5906088144390651e-06
0,0,0,0,0,-36.806951648877309,54.276346659145027,1.5906088144390651e-06
0,0,0,0,0,-36.806951648877309,54.276346659145027,1.5906088144390651e-06
0,0,0,0,0,-36.806951648877309,54.276346659145027,1.5906088144390651e-06
0,0,0,0,0,-36.806951648877309,54.276346659145027,1.5906088144390651e-06
0,0,0,0,0,-36.806951648877309,54.276346659145027,1.5906088144390651e-06
0,0,0,0,0,-36.806951648877309,54.276346659145027,1.5906088144390651e-06
0,0,0,0,0,-36.806951648877309,54.276346659145027,1.5906088144390651e-06
0,0,0,0,0,-36.806951648877309,54.276346659145027,1.5906088144390651e-06
0,0,0,0,0,-36.806951648877309,54.276346659145027,1.5906088144390651e-06
0,0,0,0,0,-36.806951648877309,54.276346659145027,1.5906088144390651e-06
0,0,0,0,0,-36.806951648877309,54.276346659145027,1.5906088144390651e-06
0,0,0,0,0,-36.806951648877309,54.276346659145027,1.5906088144390651e-06
0,0,0,0,0,-36.806951648877309,54.276346659145027,1.5906088144390651e-06
0,0,0,0,0,-36.806951648877309,54.276346659145027,1.5906088144390651e-06
0,0,0,0,0,-36.806951648877309,54.276346659145027,1.5906088144390651e-06
0,0,0,0,0,-36.806951648877309,54.276346659145027,1.5906088144390651e-06
0,0,0,0,0,-36.806951648877309,54.276346659145027,1.5906088144390651e-06
0,0,0,0,0,-36.806951648877309,54.276346659145027,1.5906088144390651e-06
0,0,0,0,0,-36.806951648877309,54.276346659145027,1.5906088144390651e-06
0,0,0,0,0,-36.806951648877309,54.276346659145027,1.5906088144390651e-06
0,0,0,0,0,-36.806951648877309,54.276346659145027,1.5906088144390651e-06
0,0,0,0,0,-36.806951648877309,54.276346659145027,1.5906088144390651e-06
0,0,0,0,0,-36.806951648877309,54.276346659145027,1.5906088144390651e-06
0,0,0,0,0,-36.806951648877309,54.276346659145027,1.5906088144390651e-06
0,0,0,0,0,-36.806951648877309,54.276346659145027,1.5906088144390651e-06
0,0,0,0,0,-36.806951648877309,54.276346659145027,1.5906088144390651e-06
0,0,0,0,0,-36.806951648877309,54.276346659145027,1.5906088144390651e-06
0,0,0,0,0,-36.806951648877309,54.276346659145027,1.5906088144390651e-06
0,0,0,0,0,-36.806951648877309,54.276346659145027,1.5906088144390651e-06
0,0,0,0,0,-36.806951648877309,54.276346659145027,1.5906088144390651e-06
0,0,0,0,0,-36.806951648877309,54.276346659145027,1.5906088144390651e-06
0,0,0,0,0,-36.806951648877309,54.276346659145027,1.5906088144390651e-06
0,0,0,0,0,-36.806951648877309,54.276346659145027,1.5906088144390651e-06
0,0,0,0,0,-36.806951648877309,54.276346659145027,1.5906088144390651e-06
0,0,0,0,0,-36.806951648877309,54.276346659145027,1.5906088144390651e-06
0,0,0,0,0,-36.806951648877309,54.276346659145027,1.5906088144390651e-06
0,0,0,0,0,-36.806951648877309,54.276346659145027,1.5906088144390651e-06
0,0,0,0,0,-36.806951648877309,54.276346659145027,1.5906088144390651e-06
0,0,0,0,0,-36.806951648877309,54.276346659145027,1.5906088144390651e-06
0,0,0,0,0,-36.806951648877309,54.276346659145027,1.5906088144390651e-06
0,0,0,0,0,-36.806951648877309,54.276346659145027,1.5906088144390651e-06
0,0,0,0,0,-36.806951648877309,54.276346659145027,1.5906088144390651e-06
0,0,0,0,0,-36.806951648877309,54.276346659145027,1.5906088144390651e-06
0,0,0,0,0,-36.806951648877309,54.276346659145027,1.5906088144390651e-06
0,0,0,0,0,-36.806951648877309,54.276346659145027,1.5906088144390651e-06
0,0,0,0,0,-36.806951648877309,54.276346659145027,1.5906088144390651e-06
0,0,0,0,0,-36.806951648877309,54.276346659145027,1.5906088144390651e-06
0,0,0,0,0,-36.806951648877309,54.276346659145027,1.5906088144390651e-06
0,0,0,0,0,-36.806951648877309,54.276346659145027,1.5906088144390651e-06
0,0,0,0,0,-36.806951648877309,54.276346659145027,1.5906088144390651e-06
0,0,0,0,0,-36.806951648877309,54.276346659145027,1.5906088144390651e-06
0,0,0,0,0,-36.806951648877309,54.276346659145027,1.5906088144390651e-06
0,0,0,0,0,-36.806951648877309,54.276346659145027,1.5906088144390651e-06
0,0,0,0,0,-36.806951648877309,54.276346659145027,1.5906088144390651e-06
0,0,0,0,0,-36.806951648877309,54.276346659145027,1.5906088144390651e-06
0,0,0,0,0,-36.806951648877309,54.276346659145027,1.5906088144390651e-06
0,0,0,0,0,-36.806951648877309,54.276346659145027,1.5906088144390651e-06
0,0,0,0,0,-36.806951648877309,54.276346659145027,1.5906088144390651e-06
0,0,0,0,0,-36.806951648877309,54.276346659145027,1.5906088144390651e-06
0,0,0,0,0,-36.806951648877309,54.276346659145027,1.5906088144390651e-06
0,0,0,0,0,-36.806951648877309,54.276346659145027,1.5906088144390651e-06
0,0,0,0,0,-36.806951648877309,54.276346659145027,1.5906088144390651e-06
0,0,0,0,0,-36.806951648877309,54.276346659145027,1.5906088144390651e-06
0,0,0,0,0,-36.806951648877309,54.276346659145027,1.5906088144390651e-06
0,0,0,0,0,-36.806951648877309,54.276346659145027,1.5906088144390651e-06
0,0,0,0,0,-36.806951648877309,54.276346659145027,1.5906088144390651e-06
0,0,0,0,0,-36.806951648877309,54.276346659145027,1.5906088144390651e-06
0,0,0,0,0,-36.806951648877309,54.276346659145027,1.5906088144390651e-06
0,0,0,0,0,-36.806951648877309,54.276346659145027,1.5906088144390651e-06
-26,0,0,0,0,-45.579221019659769,54.045570862087949,-2.3703230311866719e-07
-26,0,0,0,0,-45.579221019659769,54.045570862087949,-2.3703230311866719e-07
-26,0,0,0,0,-45.579221019659769,54.045570862087949,-2.3703230311866719e-07
-26,0,0,0,0,-45.579221019659769,54.045570862087949,-2.3703230311866719e-07
-26,0,0,7,501,-29.455347639640344,3.4431831281700687,3.8964060800061873e-07
-26,0,0,30,574,-27.009616661116596,-1.0363529721461275,1.8529554688395677e-06
-26,0,0,26,577,-27.142426995785335,-1.2129285892145645,-8.5514736580805106e-07
-26,0,0,25,575,-27.22335512604759,-1.0967047388091937,-1.9243718403227916e-06
-26,0,0,40,575,-26.530091612888381,-1.0909421042706136,-8.7703786677550966e-07
-26,0,0,41,573,-26.517745005483214,-0.97356734940528855,2.8198215762387235e-07
-26,0,0,42,573,-26.471439338961041,-0.97317783149469184,-2.9472003926223067e-07
-26,0,0,30,575,-26.992340405577362,-1.0947840221029379,-7.4235495306496091e-08
-26,0,0,29,574,-27.055857357495004,-1.036738699735039,-1.1976771783217544e-06
-26,0,0,24,577,-27.234694006388754,-1.2136895871677786,-7.2184481947346057e-07
-26,0,0,41,575,-26.483850142945972,-1.090558367199554,1.8454389127953164e-08
-26,0,0,27,577,-27.096288284550809,-1.212549925439244,1.8047252137165515e-07
-26,0,0,36,573,-26.74923172790362,-0.97550874370022211,9.130881255536849e-07
-26,0,0,25,577,-27.188561263102621,-1.2133108138916322,1.0762186875012958e-07
-26,0,0,39,576,-26.559354741457017,-1.1496978979944474,-3.8553191017420829e-07
-26,0,0,33,575,-26.853696608960824,-1.0936313317862985,-1.7241270611201287e-07
-26,0,0,25,576,-27.205946528691989,-1.1550459435746787,2.4004121423892855e-07
-26,0,0,25,577,-27.188561263102621,-1.2133108138916322,1.0762186875012958e-07
-26,0,0,37,576,-26.651760173876809,-1.1504613385668736,8.3783534376991042e-07
-26,0,0,22,576,-27.344427150369533,-1.1561931660820901,-1.7416705222483841e-06
-26,0,0,36,572,-26.766369023655333,-0.91690510489774413,1.9798540480397975e-06
-26,0,0,29,574,-27.055857357495004,-1.036738699735039,-1.1976771783217544e-06
-26,0,0,27,575,-27.130957300518805,-1.0959372060156061,9.5321690585237207e-07
-26,0,0,31,576,-26.928906152649304,-1.1527554001075258,-1.4534905188323677e-06
-26,0,0,28,575,-27.084754668148292,-1.095552756346867,5.0712757349025139e-07
-26,0,0,37,574,-26.685857364219626,-1.0336472026206946,-5.6413911120323235e-07
-26,0,0,40,573,-26.564049331603403,-0.97395341254570678,-9.3989474247990756e-07
-26,0,0,41,575,-26.483850142945972,-1.090558367199554,1.8454389127953164e-08
-26,0,0,26,577,-27.142426995785335,-1.2129285892145645,-8.5514736580805106e-07
-26,0,0,37,574,-26.685857364219626,-1.0336472026206946,-5.6413911120323235e-07
-26,0,0,41,573,-26.517745005483214,-0.97356734940528855,2.8198215762387235e-07
-26,0,0,32,576,-26.882722121823825,-1.1523740884988825,-6.9725923457220063e-07
-26,0,0,24,577,-27.234694006388754,-1.2136895871677786,-7.2184481947346057e-07
-26,0,0,28,576,-27.06743896629207,-1.1539011917041269,9.7051504432954516e-07
-26,0,0,41,573,-26.517745005483214,-0.97356734940528855,2.8198215762387235e-07
-26,0,0,31,574,-26.963374585288943,-1.0359657668278661,9.244959244814055e-07
-26,0,0,35,575,-26.761252598462487,-1.0928631433618685,2.7381863332287537e-07
-26,0,0,26,577,-27.142426995785335,-1.2129285892145645,-8.5514736580805106e-07
-26,0,0,25,572,-27.275721521861144,-0.92120136700315891,1.7806954728527558e-06
-26,0,0,27,575,-27.130957300518805,-1.0959372060156061,9.5321690585237207e-07
-26,0,0,29,575,-27.038549005896279,-1.0951683622708526,1.657006369892855e-07
-26,0,0,26,576,-27.159780309897116,-1.1546643051481866,3.8098448951195962e-07
-26,0,0,28,574,-27.102093557188848,-1.0371260128694992,-6.6236024220955869e-08
-26,0,0,34,576,-26.790346568193311,-1.1516081233814983,-7.7087938743503059e-07
-26,0,0,29,575,-27.038549005896279,-1.0951683622708526,1.657006369892855e-07
-26,0,0,26,577,-27.142426995785335,-1.2129285892145645,-8.5514736580805106e-07
-26,0,0,27,576,-27.113611153035343,-1.1542827206297945,6.23418568990175e-07
-26,0,0,31,577,-26.911706756153276,-1.2110307775263691,-6.2693484137454902e-07
-26,0,0,36,573,-26.74923172790362,-0.97550874370022211,9.130881255536849e-07
-26,0,0,41,574,-26.500786963084067,-1.032100254654081,-7.5117179032524461e-07
-26,0,0,30,576,-26.975087245407874,-1.1531367656242688,-2.1082309984432612e-06
-26,0,0,45,573,-26.332504343734744,-0.9720096079500099,-1.4031954498339161e-06
-26,0,0,40,574,-26.547058970468314,-1.032486910783587,-8.5664983018318708e-07
-26,0,0,40,575,-26.530091612888381,-1.0909421042706136,-8.7703786677550966e-07
-26,0,0,36,574,-26.732117435707075,-1.0340340777518522,-2.5731075270485348e-07
-26,0,0,28,577,-27.050146635249373,-1.2121713155720244,1.317583211424278e-06
-26,0,0,27,573,-27.165721069194753,-0.97900576165392694,1.5538136139969794e-06
