-26,0,0,29,576,-27.021263933296485,-1.1535197150019298,1.4159307375471997e-06
-26,0,0,37,576,-26.651760173876809,-1.1504613385668736,8.3783534376991042e-07
-26,0,0,18,574,-27.564300123970064,-1.0409870488589648,-9.9761171434842311e-07
-26,0,0,20,577,-27.419193817570118,-1.215208731400881,-1.1183904331524275e-06
-26,0,0,22,577,-27.326949081095371,-1.2144508041226416,-1.7623587278414732e-07
-26,0,0,23,577,-27.280823811607977,-1.2140684143520237,-1.4498207021595988e-06
-26,0,0,23,578,-27.263401156439521,-1.2722471529680102,-1.1075894554846144e-06
-26,0,0,22,577,-27.326949081095371,-1.2144508041226416,-1.7623587278414732e-07
-26,0,0,27,579,-27.061712607255007,-1.3288474252338618,1.1293071873197391e-06
-26,0,0,31,579,-26.877378846935411,-1.3273431043793398,-1.1943070072906181e-06
-26,0,0,28,579,-27.01563473004688,-1.3284696215909455,-2.1183486458298262e-06
-26,0,0,29,579,-26.969552447968784,-1.3280934018089499,-1.1871022658205277e-06
-26,0,0,28,579,-27.01563473004688,-1.3284696215909455,-2.1183486458298262e-06
-26,0,0,27,580,-27.044461304294082,-1.3868742132253766,6.2418959156929077e-07
-26,0,0,28,580,-26.998412183233672,-1.3865028406884408,7.2961052310915875e-08
-26,0,0,27,579,-27.061712607255007,-1.3288474252338618,1.1293071873197391e-06
-26,0,0,27,580,-27.044461304294082,-1.3868742132253766,6.2418959156929077e-07
-26,0,0,28,579,-27.01563473004688,-1.3284696215909455,-2.1183486458298262e-06
-26,0,0,28,580,-26.998412183233672,-1.3865028406884408,7.2961052310915875e-08
-26,0,0,27,579,-27.061712607255007,-1.3288474252338618,1.1293071873197391e-06
-26,0,0,28,579,-27.01563473004688,-1.3284696215909455,-2.1183486458298262e-06
-26,0,0,29,580,-26.952361760818569,-1.3861260363404986,-9.6333490962052792e-08
-26,0,0,28,579,-27.01563473004688,-1.3284696215909455,-2.1183486458298262e-06
-26,0,0,28,579,-27.01563473004688,-1.3284696215909455,-2.1183486458298262e-06
-26,0,0,29,579,-26.969552447968784,-1.3280934018089499,-1.1871022658205277e-06
-26,0,0,27,580,-27.044461304294082,-1.3868742132253766,6.2418959156929077e-07
-26,0,0,29,580,-26.952361760818569,-1.3861260363404986,-9.6333490962052792e-08
-26,0,0,29,579,-26.969552447968784,-1.3280934018089499,-1.1871022658205277e-06
-26,0,0,30,579,-26.92346713600919,-1.3277172376196835,-1.5119349505710034e-07
-26,0,0,30,580,-26.90630676362435,-1.3857547716197582,-4.4458041603689935e-07
-26,0,0,30,579,-26.92346713600919,-1.3277172376196835,-1.5119349505710034e-07
-26,0,0,30,579,-26.92346713600919,-1.3277172376196835,-1.5119349505710034e-07
-26,0,0,27,579,-27.061712607255007,-1.3288474252338618,1.1293071873197391e-06
-26,0,0,28,578,-27.032879089055957,-1.2703596226415375,-3.453946524345497e-07
-26,0,0,28,579,-27.01563473004688,-1.3284696215909455,-2.1183486458298262e-06
-26,0,0,39,577,-26.542403755741063,-1.2079880906792493,-1.0973841813033403e-06
-26,0,0,38,577,-26.588576677001058,-1.2083696061278923,-1.4698533581380957e-06
-26,0,0,37,576,-26.651760173876809,-1.1504613385668736,8.3783534376991042e-07
-26,0,0,19,577,-27.465311686892548,-1.2155877775867774,-1.4340599179263336e-06
-26,0,0,36,577,-26.680913560738439,-1.2091308250779007,2.7653697598495341e-07
-26,0,0,20,577,-27.419193817570118,-1.215208731400881,-1.1183904331524275e-06
-26,0,0,20,578,-27.401678411484173,-1.2733822130966661,-1.2619898734911317e-06
-26,0,0,36,577,-26.680913560738439,-1.2091308250779007,2.7653697598495341e-07
-26,0,0,20,577,-27.419193817570118,-1.215208731400881,-1.1183904331524275e-06
-26,0,0,36,577,-26.680913560738439,-1.2091308250779007,2.7653697598495341e-07
-26,0,0,21,577,-27.373072918366198,-1.2148297408077111,-6.9805855518190185e-07
-26,0,0,39,576,-26.559354741457017,-1.1496978979944474,-3.8553191017420829e-07
-26,0,0,40,577,-26.496226298749225,-1.2076101378169817,1.2766457051505142e-06
-26,0,0,37,576,-26.651760173876809,-1.1504613385668736,8.3783534376991042e-07
-26,0,0,36,578,-26.663892591263664,-1.2673354841047102,1.165248918022499e-06
-26,0,0,20,578,-27.401678411484173,-1.2733822130966661,-1.2619898734911317e-06
-26,0,0,39,577,-26.542403755741063,-1.2079880906792493,-1.0973841813033403e-06
-26,0,0,20,578,-27.401678411484173,-1.2733822130966661,-1.2619898734911317e-06
-26,0,0,37,577,-26.634746699241433,-1.2087491984438041,4.3968136620442522e-07
-26,0,0,37,577,-26.634746699241433,-1.2087491984438041,4.3968136620442522e-07
-26,0,0,23,577,-27.280823811607977,-1.2140684143520237,-1.4498207021595988e-06
-26,0,0,21,577,-27.373072918366198,-1.2148297408077111,-6.9805855518190185e-07
-26,0,0,21,577,-27.373072918366198,-1.2148297408077111,-6.9805855518190185e-07
-26,0,0,23,579,-27.246002055713767,-1.3303475767253754,-8.8802068520799082e-07
-26,0,0,35,578,-26.710025977251931,-1.2677142455884576,3.1358111884927098e-07
-26,0,0,36,578,-26.663892591263664,-1.2673354841047102,1.165248918022499e-06
